6.336780593477000373e-03 7.553239859541201022e-03 1.373888667207186394e-02 3.391217508901842948e-04
6.573096495244696441e-03 1.213418093827664003e-02 1.015582353532636269e-02 3.521330796635336615e-04
6.819636028976003468e-03 2.023336561573183673e-02 1.235789308085647603e-02 3.656928692289144133e-04
7.076782656349160129e-03 -8.196562448869841588e-04 4.499026027648691216e-03 3.798221652916572433e-04
7.344936337810878055e-03 2.094690264515712465e-03 3.367071792554885128e-03 3.945429086205892548e-04
7.624514153421268516e-03 7.987712986276455582e-03 4.203490829535630122e-03 4.098779687719910194e-04
7.915950951095353239e-03 8.231572370226670002e-03 3.472830151350556754e-03 4.258511793849053531e-04
8.219700025511587557e-03 5.676677605288765055e-03 2.689030112130961440e-03 4.424873751792950008e-04
8.536233821051054244e-03 6.432698933999723631e-03 2.323162252962873448e-03 4.598124304557690465e-04
8.866044666007799266e-03 3.040013616270571296e-03 1.272720732584397196e-03 4.778532993667114676e-04
9.209645541314551154e-03 8.228940175735350443e-03 1.802594676099251916e-03 4.966380580951333971e-04
9.567570875637709110e-03 4.226619139175951181e-03 1.155477121668658028e-03 5.161959486957697291e-04
9.940377376259657352e-03 3.277099126730887834e-03 8.991859013230382768e-04 5.365574249481296423e-04
1.032864490037235447e-02 3.385917570139799528e-03 8.188041192180099377e-04 5.577542004114008399e-04
1.073297734497321958e-02 5.821375541490301543e-03 9.795342899746207078e-04 5.798192979841334345e-04
1.115400360450283582e-02 4.557595965247032699e-03 7.721939472243236199e-04 6.027871026635485885e-04
1.159237852936952605e-02 2.602037452060495561e-03 5.126620930045469810e-04 6.266934152974694807e-04
1.204878395879070176e-02 2.991586891009826756e-03 5.056737639383638433e-04 6.515755098474698475e-04
1.252392977517165912e-02 2.848014820913655903e-03 4.583727231036690869e-04 6.774721924379323778e-04
1.301855500859496612e-02 2.498202049566257063e-03 3.866990011332304506e-04 7.044238632075407397e-04
1.353342898607729113e-02 2.739688555694401624e-03 3.791193029789987961e-04 7.324725808428683401e-04
1.406935253065469578e-02 2.743045766147262331e-03 3.539473163077087761e-04 7.616621300285469302e-04
1.462715920529588515e-02 2.335538294263077731e-03 3.054711167258383352e-04 7.920380917157512132e-04
1.520771661228939413e-02 2.565567432326724268e-03 3.023515586498004299e-04 8.236479166422598685e-04
1.581192772915550673e-02 2.095100344645644402e-03 2.621185699464117754e-04 8.565410015497996197e-04
1.644073234075244319e-02 1.645008875844410773e-03 2.219027432656026067e-04 8.907687701910752031e-04
1.709510846695394201e-02 1.652847801922961669e-03 2.147008557785487070e-04 9.263847558449386527e-04
1.777607391141112006e-02 1.691836766831383712e-03 2.092216038641551805e-04 9.634446896586876209e-04
1.848468782587317852e-02 1.564478936722903460e-03 1.946717374277484971e-04 1.002006591389598480e-03
1.922205238197723445e-02 1.833496140978535050e-03 2.061724525043005676e-04 1.042130865755720856e-03
1.998931445010908997e-02 1.146903739347987896e-03 1.579816749626571537e-04 1.083880401163129581e-03
2.078766741493780559e-02 1.258627217969504218e-03 1.632457172538656078e-04 1.127320675308026311e-03
2.109683070340480360e-02 1.233441079548569822e-03 1.706654998087379829e-04 1.156193514328647184e-03
2.192685595476316640e-02 1.140352419452246666e-03 1.322413930764444777e-04 1.202125201967388628e-03
2.279098569568850305e-02 7.767683393084094407e-04 9.092457059628736760e-05 1.249933518901477072e-03
2.369056397364628641e-02 9.642525807101266560e-04 8.965105993630021212e-05 1.299693642928908231e-03
2.462698997254687480e-02 8.184992362034285455e-04 7.266245477318475767e-05 1.351483895226898583e-03
2.560172018777034930e-02 8.622674585221072217e-04 6.942844270629326881e-05 1.405385875081001682e-03
2.661627069109989349e-02 7.709418568352114287e-04 5.975512569119318447e-05 1.461484601418326255e-03
2.767221949134790818e-02 7.841166617686164261e-04 5.397451755616401801e-05 1.519868661643938162e-03
2.877120898665718601e-02 7.698331342470797478e-04 4.954944706001641668e-05 1.580630367987196023e-03
2.991494851843642597e-02 6.183180455495906544e-04 3.954643098926308777e-05 1.643865922063967927e-03
3.110521703300396165e-02 5.566754973513666528e-04 3.380261603196914880e-05 1.709675588272486840e-03
3.234386584574139301e-02 5.245086734262508800e-04 3.066682689152783902e-05 1.778163876311673105e-03
3.363282152023477217e-02 4.932117929401999556e-04 2.710109494808897267e-05 1.849439733746797076e-03
3.497408887021200702e-02 4.880681636072647022e-04 2.535372228067182541e-05 1.923616749448817413e-03
3.636975406579003728e-02 4.283162205083996632e-04 2.182119644288304115e-05 2.000813367924465357e-03
3.782198789660110722e-02 4.230451683417680285e-04 2.036100369545351999e-05 2.081153116979226735e-03
3.933304912855411367e-02 4.001060670793243619e-04 1.816336240959019385e-05 2.164764847394877803e-03
4.090528803136484620e-02 3.599169317404509079e-04 1.658979322506116283e-05 2.251782988043303773e-03
4.254115002797593387e-02 3.452661132605433026e-04 1.503899725193307350e-05 2.342347815779100353e-03
4.424317949846606063e-02 2.967946436271762050e-04 1.331241552703162388e-05 2.436605742263166403e-03
4.601402373730651557e-02 3.138017198559688871e-04 1.286288358456615330e-05 2.534709618873062179e-03
4.785643707339239800e-02 2.666080036867850278e-04 1.102285640740115555e-05 2.636819061342729822e-03
4.977328515239384105e-02 2.493560036041608092e-04 1.024414862016716838e-05 2.743100795598597472e-03
5.176754939679568956e-02 2.290124223420643250e-04 9.508795596771536085e-06 2.853729026954508231e-03
5.384233162960040675e-02 2.295694051480758925e-04 9.129062980510521520e-06 2.968885834042273280e-03
5.600085892645627339e-02 1.908166736070603868e-04 8.034147024175507964e-06 3.088761591684495867e-03
5.824648860094507746e-02 1.869340397846592464e-04 7.760531815036075519e-06 3.213555421837931223e-03
5.843448221389595243e-02 1.912566941103552656e-04 1.277999968296089190e-05 3.129615272083687699e-03
6.076641309044173572e-02 1.985547833555417394e-04 1.163780488818232102e-05 3.255649243711692103e-03
6.319285854281198045e-02 1.642426625067855601e-04 8.898395249362509168e-06 3.386874225613113482e-03
6.571759260886141096e-02 1.639994260833215790e-04 8.064483988649604366e-06 3.523510232971396611e-03
6.834454220256083734e-02 1.279988041581478031e-04 6.393271251421567721e-06 3.665787685087698155e-03
7.107779322062465766e-02 1.249864366135235464e-04 5.714624752081063059e-06 3.813948010606992445e-03
7.392159689717878179e-02 1.131788825977277514e-04 4.883573446027435981e-06 3.968244300360875172e-03
7.688037641860788474e-02 1.096078025014759257e-04 4.423718591646905201e-06 4.128942012624219407e-03
7.995873380120326057e-02 1.064218062422834555e-04 3.974413603018035785e-06 4.296319735766106727e-03
8.316145704843649900e-02 9.211235226246845061e-05 3.374996597030877021e-06 4.470670014324296462e-03
8.649352760108786065e-02 7.171159681152202813e-05 2.835579100419590054e-06 4.652300245041064534e-03
8.996012808250401782e-02 7.636383501474976892e-05 2.644957660078219493e-06 4.841533649721118347e-03
9.356665035918890205e-02 6.786815231246959756e-05 2.315356349097701273e-06 5.038710333162288620e-03
9.731870393258586216e-02 5.723484791795368593e-05 2.025877995339680394e-06 5.244188435124946812e-03
1.012221246520116913e-01 5.712470810117156744e-05 1.861233310767955844e-06 5.458345385369723843e-03
1.052829838099021004e-01 4.414666226833822646e-05 1.569612571476232356e-06 5.681579274297725995e-03
1.095075975653821421e-01 4.057770580678914796e-05 1.388454402886878968e-06 5.914310348938506441e-03
1.139025367825358265e-01 3.247702185666654268e-05 1.209335896108712010e-06 6.156982650149405746e-03
1.184746372444592383e-01 2.756741516754121696e-05 1.057661659874907523e-06 6.410065804002982627e-03
1.232310102858345663e-01 2.019634165071555583e-05 8.993221117398162216e-07 6.674056984716744169e-03
1.281790538535223789e-01 1.776770349154298476e-05 8.178544220152995141e-07 6.949483067057777956e-03
1.333264640156406888e-01 1.486959688829314841e-05 7.349902906586266533e-07 7.236902988423784579e-03
1.386812469301858808e-01 1.039304617289913781e-05 6.317609723510985639e-07 7.536910342542189889e-03
1.442517313004966495e-01 7.510283492193182542e-06 5.757909956794774482e-07 7.850136229553467127e-03
1.500465813160277995e-01 6.505511372076789438e-06 5.382049304006930435e-07 8.177252388697526728e-03
1.560748101559767398e-01 4.201744779918657902e-06 4.767694234460059644e-07 8.518974645269523915e-03
1.623457939742305456e-01 3.448114534737496830e-06 4.489974146838104924e-07 8.876066700829889078e-03
1.688692865103016971e-01 2.266320915922546323e-06 4.147034287923545041e-07 9.249344306726477172e-03
1.756554342413710057e-01 1.664136195383954939e-06 4.057462443334468256e-07 9.639679856292986126e-03
1.827147921882118775e-01 8.594276348481480203e-07 3.933934701363608615e-07 1.004800744167698955e-02
1.900583402968941960e-01 4.907703188196493601e-07 3.857155538360299934e-07 1.047532841835367018e-02
1.976975005483514736e-01 6.116849854591889084e-07 3.910089096763767906e-07 1.092271753270062512e-02
2.056441547177879359e-01 2.062338629051182263e-07 3.973915512861782885e-07 1.139132966418277514e-02
2.139106627985768172e-01 1.367248281035246711e-07 3.923732073248549218e-07 1.188240724155483277e-02
2.225098823650583924e-01 -1.958198469832572325e-08 3.911963958112610068e-07 1.239728840685555902e-02
2.314551884296728312e-01 -2.369343578112017535e-07 4.015911636067714909e-07 1.293741597984912270e-02
2.407604942792701819e-01 7.925337813210620891e-07 4.428990001122755945e-07 1.350434731461768074e-02
2.504402731710737018e-01 5.507560815837340671e-08 4.478302013679275493e-07 1.409976512360655576e-02
2.605095807981123168e-01 1.468119182634215275e-07 4.368154662491338639e-07 1.472548935086200918e-02
2.709840787345640933e-01 7.893512739322345848e-07 4.545004303818643413e-07 1.538349019310356926e-02
2.818800587652165457e-01 -4.357303735876527988e-07 4.457957855610033061e-07 1.607590236171239223e-02
2.932144681826129862e-01 2.620052469283277962e-07 4.485076476556892881e-07 1.680504069124416633e-02
